RIGHT: 8, WRONG: 2, 2022-01-09T20:52:25.513289
RIGHT: 13, WRONG: 0, 2022-01-09T21:09:17.971435
